{
  "camera_angle_x": 0.4492285447795382,
  "frames": [
    {
      "file_path": "./train/0002",
      "sharpness": 162.70370188991777,
      "transform_matrix": [
        [
          -0.7665197254533875,
          -0.29475061758899096,
          0.5705870520641174,
          2.354342264677859
        ],
        [
          0.6421362977634649,
          -0.36616119520270746,
          0.6734886444643192,
          2.702025997714145
        ],
        [
          0.010415643055956247,
          0.8826369880149858,
          0.46993984916055304,
          1.7627716178636008
        ],
        [
          0.0,
          0.0,
          0.0,
          1.0
        ]
      ]
    },
    {
      "file_path": "./train/0001",
      "sharpness": 115.70064576379875,
      "transform_matrix": [
        [
          -0.7659617435417941,
          -0.29485257700562945,
          0.5712832618981607,
          2.353216824152244
        ],
        [
          0.642786045270401,
          -0.3669265363277993,
          0.67245149783769,
          2.699409486650228
        ],
        [
          0.011344931501600822,
          0.8822850303757415,
          0.4705788114286276,
          1.7582372706301237
        ],
        [
          0.0,
          0.0,
          0.0,
          1.0
        ]
      ]
    },
    {
      "file_path": "./train/0005",
      "sharpness": 179.61255381135564,
      "transform_matrix": [
        [
          -0.7113498625062774,
          -0.3192271918829003,
          0.6261592234698025,
          2.56648852053528
        ],
        [
          0.7027970308843571,
          -0.3327034678422139,
          0.6287962594242492,
          2.472029439342391
        ],
        [
          0.0075964809073163116,
          0.8873569758013332,
          0.46102048873777374,
          1.75898680885373
        ],
        [
          0.0,
          0.0,
          0.0,
          1.0
        ]
      ]
    },
    {
      "file_path": "./train/0004",
      "sharpness": 190.18671559007973,
      "transform_matrix": [
        [
          -0.7369367556835023,
          -0.30834881919888885,
          0.6015357212026342,
          2.4777151205691212
        ],
        [
          0.6758929476901261,
          -0.3488209638446164,
          0.6492246594556431,
          2.5800927685623267
        ],
        [
          0.009640612918920922,
          0.8850112659935223,
          0.46546978173515074,
          1.771136313984234
        ],
        [
          0.0,
          0.0,
          0.0,
          1.0
        ]
      ]
    },
    {
      "file_path": "./train/0007",
      "sharpness": 193.19927918728814,
      "transform_matrix": [
        [
          -0.6556469258633487,
          -0.3437443191910469,
          0.6722848739122962,
          2.7324242523941065
        ],
        [
          0.755057284672177,
          -0.30313721645817726,
          0.5813745134261546,
          2.2490254415727855
        ],
        [
          0.003950379032010485,
          0.8887900039255537,
          0.45829763635545434,
          1.7624346989629163
        ],
        [
          0.0,
          0.0,
          0.0,
          1.0
        ]
      ]
    },
    {
      "file_path": "./train/0009",
      "sharpness": 235.09454662355338,
      "transform_matrix": [
        [
          -0.5920982631846178,
          -0.3656020658914693,
          0.7181606896865751,
          2.891137715340166
        ],
        [
          0.8058515920652524,
          -0.2739032312190619,
          0.5249573615958595,
          2.010413381355206
        ],
        [
          0.004781037535281513,
          0.8895572771894938,
          0.45679863434644713,
          1.7668777525587753
        ],
        [
          0.0,
          0.0,
          0.0,
          1.0
        ]
      ]
    },
    {
      "file_path": "./train/0006",
      "sharpness": 191.05849315030196,
      "transform_matrix": [
        [
          -0.6824495229702481,
          -0.3328256911757139,
          0.6507608684859113,
          2.656637318225339
        ],
        [
          0.7309152053689538,
          -0.31690598409934145,
          0.6044282916959781,
          2.3566478400481765
        ],
        [
          0.005060749490999842,
          0.888142813173101,
          0.4595396960927735,
          1.761577367375295
        ],
        [
          0.0,
          0.0,
          0.0,
          1.0
        ]
      ]
    },
    {
      "file_path": "./train/0023",
      "sharpness": 362.57893016132573,
      "transform_matrix": [
        [
          -0.044507211256982794,
          -0.447750283156952,
          0.8930502741393924,
          3.3554512433981083
        ],
        [
          0.9987670820330856,
          -0.00026866733681228015,
          0.04964114890903041,
          0.046288719884964184
        ],
        [
          -0.021986905041462276,
          0.8941586055125815,
          0.4472102014220741,
          1.7867624067117163
        ],
        [
          0.0,
          0.0,
          0.0,
          1.0
        ]
      ]
    },
    {
      "file_path": "./train/0008",
      "sharpness": 209.9455055425986,
      "transform_matrix": [
        [
          -0.6218390518898587,
          -0.3543840495195067,
          0.698375356847824,
          2.8269203433888186
        ],
        [
          0.7831132201350963,
          -0.289421296745494,
          0.5504261961787678,
          2.117600037404277
        ],
        [
          0.007062437030544164,
          0.8891834785312427,
          0.45749629894868776,
          1.7660876410126953
        ],
        [
          0.0,
          0.0,
          0.0,
          1.0
        ]
      ]
    },
    {
      "file_path": "./train/0017",
      "sharpness": 402.9764807331871,
      "transform_matrix": [
        [
          -0.33753160228958534,
          -0.4248910872407937,
          0.839964273943011,
          3.271765628127106
        ],
        [
          0.9412627053998992,
          -0.1430136067642243,
          0.3058947984251792,
          1.0753511235487199
        ],
        [
          -0.009845653114494795,
          0.8938762063753612,
          0.4482057461169153,
          1.7643640194545027
        ],
        [
          0.0,
          0.0,
          0.0,
          1.0
        ]
      ]
    },
    {
      "file_path": "./train/0025",
      "sharpness": 280.58090017509977,
      "transform_matrix": [
        [
          0.03123324001368629,
          -0.4453180800321653,
          0.8948275210207616,
          3.3297883303280633
        ],
        [
          0.9991662115431901,
          0.03746213301074781,
          -0.016231768256858715,
          -0.20981660563161803
        ],
        [
          -0.02629384773848613,
          0.8945883948767118,
          0.4461168427491752,
          1.7821905926676707
        ],
        [
          0.0,
          0.0,
          0.0,
          1.0
        ]
      ]
    },
    {
      "file_path": "./train/0011",
      "sharpness": 196.3123776777709,
      "transform_matrix": [
        [
          -0.5365555384496241,
          -0.3823360449601464,
          0.7522813987762258,
          2.9953140183202644
        ],
        [
          0.8438641614953402,
          -0.2443646503901723,
          0.47768105947743633,
          1.8042996736963937
        ],
        [
          0.0011962939740067936,
          0.8911257298619442,
          0.45375489255789164,
          1.7588011356079527
        ],
        [
          0.0,
          0.0,
          0.0,
          1.0
        ]
      ]
    },
    {
      "file_path": "./train/0013",
      "sharpness": 161.796170906038,
      "transform_matrix": [
        [
          -0.4950668277340383,
          -0.3926860652286033,
          0.7750525726130333,
          3.0602165102552163
        ],
        [
          0.8688536832223401,
          -0.22225669188015312,
          0.4423745472622663,
          1.650917646288172
        ],
        [
          -0.0014536994995292417,
          0.8924122461891956,
          0.451218649515729,
          1.7511435973932947
        ],
        [
          0.0,
          0.0,
          0.0,
          1.0
        ]
      ]
    },
    {
      "file_path": "./train/0028",
      "sharpness": 352.7907501138894,
      "transform_matrix": [
        [
          0.18224206480790336,
          -0.4348302161482535,
          0.8818789673194749,
          3.20887157990066
        ],
        [
          0.9827133410976792,
          0.11028042808992616,
          -0.14870345123422474,
          -0.6929391731445845
        ],
        [
          -0.03259323619732443,
          0.8937342504152787,
          0.447411187444284,
          1.7908111121939727
        ],
        [
          0.0,
          0.0,
          0.0,
          1.0
        ]
      ]
    },
    {
      "file_path": "./train/0027",
      "sharpness": 348.272915841698,
      "transform_matrix": [
        [
          0.12907320199412473,
          -0.44132936904976244,
          0.8880137930249566,
          3.2579576593029356
        ],
        [
          0.9911832885091695,
          0.08444656936896303,
          -0.10210027180175274,
          -0.5270840589812132
        ],
        [
          -0.02992986983920118,
          0.8933628406179004,
          0.4483380844362915,
          1.7946280854548873
        ],
        [
          0.0,
          0.0,
          0.0,
          1.0
        ]
      ]
    },
    {
      "file_path": "./train/0020",
      "sharpness": 315.26719828047993,
      "transform_matrix": [
        [
          -0.18028906865571429,
          -0.4432723222493457,
          0.8780691886818349,
          3.3507740996025435
        ],
        [
          0.9834608153649064,
          -0.06549862752740035,
          0.1688631233687542,
          0.5149074826159118
        ],
        [
          -0.01734002210518733,
          0.8939908154902866,
          0.4477496460231797,
          1.7735965870791277
        ],
        [
          0.0,
          0.0,
          0.0,
          1.0
        ]
      ]
    },
    {
      "file_path": "./train/0030",
      "sharpness": 335.2353456504733,
      "transform_matrix": [
        [
          0.28109999554980625,
          -0.42398615478277524,
          0.8609404933651709,
          3.092377181641863
        ],
        [
          0.9588759097519598,
          0.16076803036137366,
          -0.23390303570305931,
          -0.9736452612917498
        ],
        [
          -0.03924005867690942,
          0.8912852411130452,
          0.4517420025087021,
          1.8005161357279942
        ],
        [
          0.0,
          0.0,
          0.0,
          1.0
        ]
      ]
    },
    {
      "file_path": "./train/0024",
      "sharpness": 312.25459226178236,
      "transform_matrix": [
        [
          -0.011561157055786052,
          -0.44758199614389027,
          0.8941681589258421,
          3.349109279982953
        ],
        [
          0.9996297708409138,
          0.016853399979983044,
          0.021360808919318082,
          -0.06326573872819918
        ],
        [
          -0.024630487127098866,
          0.8940840674670363,
          0.4472214434337432,
          1.7870056527702705
        ],
        [
          0.0,
          0.0,
          0.0,
          1.0
        ]
      ]
    },
    {
      "file_path": "./train/0010",
      "sharpness": 177.6894879283189,
      "transform_matrix": [
        [
          -0.5629753292709786,
          -0.37489766602620805,
          0.7365531336582468,
          2.94261187193422
        ],
        [
          0.8264716887718146,
          -0.2573379021532417,
          0.5007212315990446,
          1.903524013033515
        ],
        [
          0.0018238171837592421,
          0.8906340124771454,
          0.4547171973559161,
          1.759853245285585
        ],
        [
          0.0,
          0.0,
          0.0,
          1.0
        ]
      ]
    },
    {
      "file_path": "./train/0031",
      "sharpness": 289.9279678309949,
      "transform_matrix": [
        [
          0.3230423685820801,
          -0.41731983787058874,
          0.8494043684147105,
          3.0371685796610133
        ],
        [
          0.9454745161657049,
          0.18166220330370048,
          -0.2703271780123148,
          -1.0872243078800705
        ],
        [
          -0.04149177496189144,
          0.8904173161331423,
          0.45324986023411207,
          1.8088791459560694
        ],
        [
          0.0,
          0.0,
          0.0,
          1.0
        ]
      ]
    },
    {
      "file_path": "./train/0022",
      "sharpness": 326.03206131252904,
      "transform_matrix": [
        [
          -0.0807195221369645,
          -0.44781485306644936,
          0.8904752754459287,
          3.3643978237991377
        ],
        [
          0.9965122290696844,
          -0.017291737742236333,
          0.08163561183976653,
          0.17038378062338772
        ],
        [
          -0.02115977459205808,
          0.8939590892431284,
          0.4476487582472317,
          1.7894613598282199
        ],
        [
          0.0,
          0.0,
          0.0,
          1.0
        ]
      ]
    },
    {
      "file_path": "./train/0016",
      "sharpness": 437.41244944169125,
      "transform_matrix": [
        [
          -0.37328467355947453,
          -0.4209093487354138,
          0.8267368823840959,
          3.2365129378870185
        ],
        [
          0.9276710002567203,
          -0.16049288308066995,
          0.3371476675926747,
          1.2080097692605918
        ],
        [
          -0.009223219391148191,
          0.8927918876690466,
          0.450374930028173,
          1.7724985374637123
        ],
        [
          0.0,
          0.0,
          0.0,
          1.0
        ]
      ]
    },
    {
      "file_path": "./train/0015",
      "sharpness": 283.5937638617091,
      "transform_matrix": [
        [
          -0.4000140958752688,
          -0.4156170074589342,
          0.8168544706821526,
          3.2028404211985015
        ],
        [
          0.91647757770689,
          -0.17401283351593114,
          0.3602615485064967,
          1.302572391927188
        ],
        [
          -0.007587665679234344,
          0.8927385042342736,
          0.45051125451931934,
          1.7655678745970707
        ],
        [
          0.0,
          0.0,
          0.0,
          1.0
        ]
      ]
    },
    {
      "file_path": "./train/0026",
      "sharpness": 341.82251793595907,
      "transform_matrix": [
        [
          0.07688007216201624,
          -0.44553690444199223,
          0.8919564570908484,
          3.299457291203631
        ],
        [
          0.9966538037268302,
          0.05924972270066841,
          -0.0563086660893795,
          -0.3589368101401789
        ],
        [
          -0.02776058396098348,
          0.8933008100305997,
          0.44860117346959577,
          1.7934572097138772
        ],
        [
          0.0,
          0.0,
          0.0,
          1.0
        ]
      ]
    },
    {
      "file_path": "./train/0014",
      "sharpness": 170.97635029046776,
      "transform_matrix": [
        [
          -0.45726842498704107,
          -0.4020954128105855,
          0.7932369548678402,
          3.1233180079942717
        ],
        [
          0.8893208740115499,
          -0.2029958597326733,
          0.40975732327654174,
          1.5121634415360554
        ],
        [
          -0.0037377224299165973,
          0.8928112678428981,
          0.4504154410155947,
          1.757160642363845
        ],
        [
          0.0,
          0.0,
          0.0,
          1.0
        ]
      ]
    },
    {
      "file_path": "./train/0021",
      "sharpness": 351.72952380914086,
      "transform_matrix": [
        [
          -0.137689647494985,
          -0.4439632113691892,
          0.8854028619701382,
          3.3649359381425277
        ],
        [
          0.9902934832583704,
          -0.04457265988572018,
          0.1316514147540627,
          0.36696847078838535
        ],
        [
          -0.018983624247072516,
          0.8949357211570411,
          0.4457910688529453,
          1.7732640331563603
        ],
        [
          0.0,
          0.0,
          0.0,
          1.0
        ]
      ]
    },
    {
      "file_path": "./train/0018",
      "sharpness": 374.09958575601826,
      "transform_matrix": [
        [
          -0.2806154180780231,
          -0.4314551391805839,
          0.8573805748166956,
          3.3111110807647712
        ],
        [
          0.9597375459345814,
          -0.11440143313085326,
          0.2565465942496702,
          0.8714665173004509
        ],
        [
          -0.012602780030711573,
          0.8948512586084202,
          0.4461865024447763,
          1.7600377934438147
        ],
        [
          0.0,
          0.0,
          0.0,
          1.0
        ]
      ]
    },
    {
      "file_path": "./train/0029",
      "sharpness": 320.86536529211224,
      "transform_matrix": [
        [
          0.23096229996442455,
          -0.42828090406687813,
          0.8736314344551993,
          3.1586420357002
        ],
        [
          0.9723054826562971,
          0.13459426570670172,
          -0.1910665644099193,
          -0.828972144822105
        ],
        [
          -0.0357556204763574,
          0.8935658067040914,
          0.44750607231086387,
          1.786778947788303
        ],
        [
          0.0,
          0.0,
          0.0,
          1.0
        ]
      ]
    },
    {
      "file_path": "./train/0032",
      "sharpness": 251.6409556347759,
      "transform_matrix": [
        [
          0.4125590482275992,
          -0.399980162746346,
          0.818419758556935,
          2.895172914660226
        ],
        [
          0.9099531183971163,
          0.22257172452538163,
          -0.3499244915138009,
          -1.3638524023475465
        ],
        [
          -0.04219424198304101,
          0.8890881266271584,
          0.4557871752205905,
          1.8228992151941923
        ],
        [
          0.0,
          0.0,
          0.0,
          1.0
        ]
      ]
    },
    {
      "file_path": "./train/0019",
      "sharpness": 354.71432151479155,
      "transform_matrix": [
        [
          -0.2358542481266291,
          -0.4366675973673,
          0.8681556214824276,
          3.336650713796917
        ],
        [
          0.971684275803408,
          -0.09288850850026593,
          0.21725881603523708,
          0.7106101917882554
        ],
        [
          -0.014228204379347043,
          0.8948145810496828,
          0.4462111874465933,
          1.7656493703808074
        ],
        [
          0.0,
          0.0,
          0.0,
          1.0
        ]
      ]
    },
    {
      "file_path": "./train/0035",
      "sharpness": 289.5714186508575,
      "transform_matrix": [
        [
          0.5499762679965003,
          -0.361749040054459,
          0.7527707066044526,
          2.6476385105075737
        ],
        [
          0.8337415676402203,
          0.2906877084174254,
          -0.46944185429495283,
          -1.724545007330411
        ],
        [
          -0.04900105151402997,
          0.885798108064528,
          0.46147655277522026,
          1.8330168528538195
        ],
        [
          0.0,
          0.0,
          0.0,
          1.0
        ]
      ]
    },
    {
      "file_path": "./train/0036",
      "sharpness": 311.46405736548695,
      "transform_matrix": [
        [
          0.6085348875288031,
          -0.34247030039150544,
          0.7158207765017072,
          2.5200838047596195
        ],
        [
          0.791959151376675,
          0.3187925526219218,
          -0.5207417891273626,
          -1.9004284457425449
        ],
        [
          -0.0498597356119276,
          0.8837903607742518,
          0.46521887862457295,
          1.8415889114047017
        ],
        [
          0.0,
          0.0,
          0.0,
          1.0
        ]
      ]
    },
    {
      "file_path": "./train/0040",
      "sharpness": 258.30647749493744,
      "transform_matrix": [
        [
          0.8051012374274652,
          -0.24426757401725607,
          0.5405047176833303,
          1.9169344014577325
        ],
        [
          0.590873117353808,
          0.4098422232251859,
          -0.6949088510376452,
          -2.5228048586303853
        ],
        [
          -0.05177795595295312,
          0.8788416833516959,
          0.47429562399664876,
          1.8640276346514715
        ],
        [
          0.0,
          0.0,
          0.0,
          1.0
        ]
      ]
    },
    {
      "file_path": "./train/0080",
      "sharpness": 76.85278007640349,
      "transform_matrix": [
        [
          -0.1792099408864233,
          0.5152123693071152,
          -0.8381169439057304,
          -3.7854090127500846
        ],
        [
          -0.9836895556908704,
          -0.08046171913681438,
          0.16087501290839765,
          0.7457525348425552
        ],
        [
          0.015448466418500234,
          0.8532772857210347,
          0.5212285665802855,
          2.169671615065481
        ],
        [
          0.0,
          0.0,
          0.0,
          1.0
        ]
      ]
    },
    {
      "file_path": "./train/0053",
      "sharpness": 139.53686235712777,
      "transform_matrix": [
        [
          0.9905751368330415,
          0.10581122751353941,
          -0.08697633288272975,
          -0.29016953372572446
        ],
        [
          -0.12792512087563165,
          0.4877636682426483,
          -0.8635518324868872,
          -3.2825183903696753
        ],
        [
          -0.048949584239829744,
          0.8665394325254644,
          0.4967024764813161,
          1.937641480717707
        ],
        [
          0.0,
          0.0,
          0.0,
          1.0
        ]
      ]
    },
    {
      "file_path": "./train/0039",
      "sharpness": 251.5659979345357,
      "transform_matrix": [
        [
          0.7628602143299658,
          -0.27033464396106377,
          0.5873359121732055,
          2.0743346122420645
        ],
        [
          0.6444726129095918,
          0.3909230962207752,
          -0.657140916433208,
          -2.3865142748824035
        ],
        [
          -0.05195521763218427,
          0.8798285703291315,
          0.4724429513230856,
          1.8549437949250416
        ],
        [
          0.0,
          0.0,
          0.0,
          1.0
        ]
      ]
    },
    {
      "file_path": "./train/0063",
      "sharpness": 58.384644486868346,
      "transform_matrix": [
        [
          0.7727415087261784,
          0.3488251567394133,
          -0.5302749954304475,
          -2.1370733748507127
        ],
        [
          -0.6331241495817129,
          0.36438751576100187,
          -0.6829169419292429,
          -2.716135520863565
        ],
        [
          -0.04499302105339171,
          0.8634481735674201,
          0.5024269894034896,
          2.0338432711567487
        ],
        [
          0.0,
          0.0,
          0.0,
          1.0
        ]
      ]
    },
    {
      "file_path": "./train/0050",
      "sharpness": 197.7575570560838,
      "transform_matrix": [
        [
          0.9973607564812277,
          0.01854291382258753,
          0.07019744895371474,
          0.29340012425234485
        ],
        [
          0.05183600335529425,
          0.4951278921772846,
          -0.8672723903966155,
          -3.2443671663853864
        ],
        [
          -0.05083847213250926,
          0.8686222025607491,
          0.4928599385537677,
          1.9245103176743197
        ],
        [
          0.0,
          0.0,
          0.0,
          1.0
        ]
      ]
    },
    {
      "file_path": "./train/0037",
      "sharpness": 255.73899866982697,
      "transform_matrix": [
        [
          0.6669265495968838,
          -0.31911495734130885,
          0.6733309895625614,
          2.36916624002812
        ],
        [
          0.7434712157599093,
          0.34513691559388926,
          -0.572827252171935,
          -2.0827737044765
        ],
        [
          -0.049593636770617455,
          0.882635912224993,
          0.46743375755725797,
          1.8415420655826915
        ],
        [
          0.0,
          0.0,
          0.0,
          1.0
        ]
      ]
    },
    {
      "file_path": "./train/0052",
      "sharpness": 152.209651006398,
      "transform_matrix": [
        [
          0.9973349263665278,
          0.06968556314732859,
          -0.021609419236981512,
          -0.04240417385776151
        ],
        [
          -0.05323914017728732,
          0.49259383268387036,
          -0.8686293282839511,
          -3.2755172544807376
        ],
        [
          -0.049886257263735544,
          0.8674648340637889,
          0.4949910333131078,
          1.9260855731902549
        ],
        [
          0.0,
          0.0,
          0.0,
          1.0
        ]
      ]
    },
    {
      "file_path": "./train/0048",
      "sharpness": 204.95139595355752,
      "transform_matrix": [
        [
          0.9820991973627295,
          -0.043643198883558394,
          0.18323874533553425,
          0.6822226205118178
        ],
        [
          0.18106031961112123,
          0.48699112173501735,
          -0.8544336182604347,
          -3.1547414353799623
        ],
        [
          -0.05194542580173019,
          0.8723158364888985,
          0.48617564131744484,
          1.8984104401729236
        ],
        [
          0.0,
          0.0,
          0.0,
          1.0
        ]
      ]
    },
    {
      "file_path": "./train/0045",
      "sharpness": 221.53610566425357,
      "transform_matrix": [
        [
          0.9204312913671356,
          -0.14463221173131086,
          0.363163546165339,
          1.3063996606412613
        ],
        [
          0.38750164803111736,
          0.4599040911106877,
          -0.798956006143549,
          -2.9096665083720388
        ],
        [
          -0.05146562637914831,
          0.8761105811241298,
          0.4793553368903076,
          1.87790136340579
        ],
        [
          0.0,
          0.0,
          0.0,
          1.0
        ]
      ]
    },
    {
      "file_path": "./train/0057",
      "sharpness": 74.7350326157754,
      "transform_matrix": [
        [
          0.9455965568526459,
          0.19721557983494664,
          -0.2587531000785009,
          -0.9463975253817936
        ],
        [
          -0.32237896364538093,
          0.46089454949979464,
          -0.826830102282411,
          -3.213313009949302
        ],
        [
          -0.043805884554258115,
          0.8652642540637056,
          0.4993984533210702,
          1.9817030173915637
        ],
        [
          0.0,
          0.0,
          0.0,
          1.0
        ]
      ]
    },
    {
      "file_path": "./train/0043",
      "sharpness": 234.2642433081364,
      "transform_matrix": [
        [
          0.8782458163712031,
          -0.18904925633786152,
          0.43925466960070925,
          1.5817404822295347
        ],
        [
          0.47554521096662244,
          0.442084819777581,
          -0.7605378126358772,
          -2.757500459327155
        ],
        [
          -0.0504087135512541,
          0.8768246066629084,
          0.4781606119391496,
          1.8791920988218922
        ],
        [
          0.0,
          0.0,
          0.0,
          1.0
        ]
      ]
    },
    {
      "file_path": "./train/0056",
      "sharpness": 50.980707761269905,
      "transform_matrix": [
        [
          0.9586160416281195,
          0.17787891022711425,
          -0.22229345040081028,
          -0.8043734339579613
        ],
        [
          -0.28111886692002513,
          0.46790792535086845,
          -0.8378749047772452,
          -3.233477185686631
        ],
        [
          -0.04502740777229419,
          0.8656912074975195,
          0.49854916093829044,
          1.9618222643603627
        ],
        [
          0.0,
          0.0,
          0.0,
          1.0
        ]
      ]
    },
    {
      "file_path": "./train/0051",
      "sharpness": 214.4975668572126,
      "transform_matrix": [
        [
          0.9987206740585697,
          0.043258834851068406,
          0.026185654026040592,
          0.13630343026986044
        ],
        [
          0.0013601691999283883,
          0.49467252161889264,
          -0.8690783890392072,
          -3.262316663747166
        ],
        [
          -0.05054864201138102,
          0.8680021714310596,
          0.49398083489468414,
          1.9221723793625618
        ],
        [
          0.0,
          0.0,
          0.0,
          1.0
        ]
      ]
    },
    {
      "file_path": "./train/0038",
      "sharpness": 242.9810208562208,
      "transform_matrix": [
        [
          0.7237965615985835,
          -0.2919216564020035,
          0.6252201884160703,
          2.198814270923031
        ],
        [
          0.6882018589482569,
          0.3710254304476185,
          -0.623472799167176,
          -2.2664210388033936
        ],
        [
          -0.049967377277137855,
          0.8815451642073653,
          0.46944795742673373,
          1.8460484671129265
        ],
        [
          0.0,
          0.0,
          0.0,
          1.0
        ]
      ]
    },
    {
      "file_path": "./train/0042",
      "sharpness": 203.72268753732308,
      "transform_matrix": [
        [
          0.8633152151401623,
          -0.20060841995586667,
          0.46308001599265136,
          1.654711514311679
        ],
        [
          0.5020766537799884,
          0.4342312986980699,
          -0.747905216561636,
          -2.7105766266429145
        ],
        [
          -0.051047752974431836,
          0.8781796178023323,
          0.47559929126764855,
          1.8595760238422068
        ],
        [
          0.0,
          0.0,
          0.0,
          1.0
        ]
      ]
    },
    {
      "file_path": "./train/0055",
      "sharpness": 78.84074690021315,
      "transform_matrix": [
        [
          0.9699228799804684,
          0.15977938355081955,
          -0.1836304864230383,
          -0.6632422072024186
        ],
        [
          -0.2386363078266979,
          0.4754681065803819,
          -0.8467483641624222,
          -3.257375048576379
        ],
        [
          -0.04798249195854012,
          0.8651015132715819,
          0.4992965574306981,
          1.958677420775073
        ],
        [
          0.0,
          0.0,
          0.0,
          1.0
        ]
      ]
    },
    {
      "file_path": "./train/0062",
      "sharpness": 41.126682967910995,
      "transform_matrix": [
        [
          0.815163563148693,
          0.3214026697600698,
          -0.4818803681903569,
          -1.9146209957592306
        ],
        [
          -0.5774730133599112,
          0.38617977746975213,
          -0.7192983374890187,
          -2.8468177901155993
        ],
        [
          -0.04509195266815614,
          0.8646187040523491,
          0.5004010516264807,
          2.0192138055985125
        ],
        [
          0.0,
          0.0,
          0.0,
          1.0
        ]
      ]
    },
    {
      "file_path": "./train/0047",
      "sharpness": 239.65385191657634,
      "transform_matrix": [
        [
          0.9646226939077588,
          -0.08236339662648065,
          0.25043827454232115,
          0.910477718809133
        ],
        [
          0.2586267297096222,
          0.4799089410084358,
          -0.8383314517658861,
          -3.0819924502922516
        ],
        [
          -0.05113974125733818,
          0.8734435753290127,
          0.48423243142326033,
          1.8961140370268608
        ],
        [
          0.0,
          0.0,
          0.0,
          1.0
        ]
      ]
    },
    {
      "file_path": "./train/0046",
      "sharpness": 199.39438356160127,
      "transform_matrix": [
        [
          0.9454337724945641,
          -0.11287522994900981,
          0.3056373085081455,
          1.1007288263720492
        ],
        [
          0.32180856443376443,
          0.4701554483072245,
          -0.8218230358685154,
          -3.008919162554206
        ],
        [
          -0.05093358165000863,
          0.8753359566125116,
          0.4808250548619942,
          1.8838432603517385
        ],
        [
          0.0,
          0.0,
          0.0,
          1.0
        ]
      ]
    },
    {
      "file_path": "./train/0060",
      "sharpness": 58.42345727327775,
      "transform_matrix": [
        [
          0.8867331065994118,
          0.2643565368063548,
          -0.3792360995076213,
          -1.45417378906073
        ],
        [
          -0.45994681266519183,
          0.42217088792584767,
          -0.7811662248888275,
          -3.0637543881477796
        ],
        [
          -0.046403957019036934,
          0.8671143885823153,
          0.49594284947761075,
          1.99235172296832
        ],
        [
          0.0,
          0.0,
          0.0,
          1.0
        ]
      ]
    },
    {
      "file_path": "./train/0059",
      "sharpness": 45.341030657307044,
      "transform_matrix": [
        [
          0.9070833123630406,
          0.24492851083966477,
          -0.34235929821140615,
          -1.2946596669146557
        ],
        [
          -0.41832920702547205,
          0.4338626040903611,
          -0.7979748838913419,
          -3.118290950401049
        ],
        [
          -0.04690990334241159,
          0.867048594601246,
          0.49601027774622614,
          1.984527298238481
        ],
        [
          0.0,
          0.0,
          0.0,
          1.0
        ]
      ]
    },
    {
      "file_path": "./train/0065",
      "sharpness": 72.17425962012501,
      "transform_matrix": [
        [
          0.7011837741303727,
          0.3887307840617467,
          -0.5976869519074967,
          -2.4507491196827056
        ],
        [
          -0.7116198630551636,
          0.32980271846944775,
          -0.6203445312046709,
          -2.48505157395622
        ],
        [
          -0.04402823447079786,
          0.8603014265174989,
          0.5078808621742107,
          2.0715702827024702
        ],
        [
          0.0,
          0.0,
          0.0,
          1.0
        ]
      ]
    },
    {
      "file_path": "./train/0066",
      "sharpness": 73.5474983674129,
      "transform_matrix": [
        [
          0.6684926168614159,
          0.4032310727317009,
          -0.6249178531990153,
          -2.575571711599997
        ],
        [
          -0.7425472252686415,
          0.3147289451919424,
          -0.5912438661874125,
          -2.3740062091828995
        ],
        [
          -0.0417281616398493,
          0.8592731772246496,
          0.509812090372417,
          2.083066745801232
        ],
        [
          0.0,
          0.0,
          0.0,
          1.0
        ]
      ]
    },
    {
      "file_path": "./train/0068",
      "sharpness": 51.845368556850396,
      "transform_matrix": [
        [
          0.5796717630458891,
          0.43925216163983405,
          -0.6863222170988288,
          -2.8672617041690143
        ],
        [
          -0.813819946235464,
          0.26974369365347833,
          -0.5147187920054167,
          -2.0678472926677616
        ],
        [
          -0.04096025214834091,
          0.8569106594542035,
          0.513834973040163,
          2.09689842585999
        ],
        [
          0.0,
          0.0,
          0.0,
          1.0
        ]
      ]
    },
    {
      "file_path": "./train/0069",
      "sharpness": 214.53385518484617,
      "transform_matrix": [
        [
          0.5268787733449977,
          0.45739850618396705,
          -0.7163695727769246,
          -3.026146458175949
        ],
        [
          -0.8490494678238576,
          0.244662134869203,
          -0.4682472006849568,
          -1.890025965657654
        ],
        [
          -0.038907061087182164,
          0.8549427152505716,
          0.517261243762779,
          2.1211884988521748
        ],
        [
          0.0,
          0.0,
          0.0,
          1.0
        ]
      ]
    },
    {
      "file_path": "./train/0070",
      "sharpness": 75.68742987601749,
      "transform_matrix": [
        [
          0.44229694971077355,
          0.479998312500022,
          -0.7576113966507663,
          -3.2254715089636616
        ],
        [
          -0.896271887680025,
          0.20574613100941053,
          -0.3928934116642495,
          -1.580766581085502
        ],
        [
          -0.032712560921685195,
          0.8528013541446395,
          0.5212098797878769,
          2.132658585463206
        ],
        [
          0.0,
          0.0,
          0.0,
          1.0
        ]
      ]
    },
    {
      "file_path": "./train/0073",
      "sharpness": 76.41751793858657,
      "transform_matrix": [
        [
          0.24457180964724762,
          0.518581467753108,
          -0.8193032962769955,
          -3.568556801042563
        ],
        [
          -0.9693724934281145,
          0.1112509797255013,
          -0.21895247999304765,
          -0.8627424190520196
        ],
        [
          -0.02239640403982927,
          0.8477596834445575,
          0.5299074638779371,
          2.1809128973971132
        ],
        [
          0.0,
          0.0,
          0.0,
          1.0
        ]
      ]
    },
    {
      "file_path": "./train/0072",
      "sharpness": 69.530825177589,
      "transform_matrix": [
        [
          0.3015289825833814,
          0.5098126512467698,
          -0.8057116936922403,
          -3.4862712944040593
        ],
        [
          -0.9530900916070149,
          0.13772366915893935,
          -0.2695393630510425,
          -1.0734244283630374
        ],
        [
          -0.026449006552858676,
          0.8491897618569341,
          0.527425064318344,
          2.1637187593298557
        ],
        [
          0.0,
          0.0,
          0.0,
          1.0
        ]
      ]
    },
    {
      "file_path": "./train/0078",
      "sharpness": 66.84997057250811,
      "transform_matrix": [
        [
          -0.05277556187417615,
          0.525536072814703,
          -0.8491328378415314,
          -3.7976080412176554
        ],
        [
          -0.9985834490968017,
          -0.022008695511145378,
          0.04844287885606575,
          0.26612848227698
        ],
        [
          0.006770174233286152,
          0.8504865981035832,
          0.5259531454878126,
          2.1890498458967627
        ],
        [
          0.0,
          0.0,
          0.0,
          1.0
        ]
      ]
    },
    {
      "file_path": "./train/0087",
      "sharpness": 67.36350944479122,
      "transform_matrix": [
        [
          -0.48833428751739594,
          0.46006033483121545,
          -0.7415349701877284,
          -3.3821687222308405
        ],
        [
          -0.8723331764836607,
          -0.2342176064420668,
          0.42915841135704896,
          1.9533205873384571
        ],
        [
          0.023758216614097424,
          0.85643832305972,
          0.5157023812233671,
          2.1514573590050556
        ],
        [
          0.0,
          0.0,
          0.0,
          1.0
        ]
      ]
    },
    {
      "file_path": "./train/0071",
      "sharpness": 92.1782419721019,
      "transform_matrix": [
        [
          0.36024567024900567,
          0.4983389115624653,
          -0.7885945639877502,
          -3.392762603117148
        ],
        [
          -0.9324162944594663,
          0.1663591302525166,
          -0.32081847454305695,
