{
  "camera_angle_x": 1.0272334606502231,
  "frames": [
    {
      "file_path": "./train/0007",
      "sharpness": 24.829325288646466,
      "transform_matrix": [
        [
          0.4214381178971662,
          -0.34344629326867826,
          0.8393059969429704,
          4.14031675485052
        ],
        [
          0.9039693138071253,
          0.23290141365026235,
          -0.35860341773998206,
          -1.8240718178859778
        ],
        [
          -0.0723145385968844,
          0.909836015574571,
          0.40861844348004367,
          1.8670022863554918
        ],
        [
          0.0,
          0.0,
          0.0,
          1.0
        ]
      ]
    },
    {
      "file_path": "./train/0006",
      "sharpness": 37.95704519411891,
      "transform_matrix": [
        [
          0.4407231526828895,
          -0.33593467526255444,
          0.832412756225318,
          4.099110322933443
        ],
        [
          0.8939338103276364,
          0.24847079879706624,
          -0.3730209175076818,
          -1.942722871527755
        ],
        [
          -0.08151960167908918,
          0.9085208617184779,
          0.4098101980741112,
          1.837933353425252
        ],
        [
          0.0,
          0.0,
          0.0,
          1.0
        ]
      ]
    },
    {
      "file_path": "./train/0025",
      "sharpness": 23.550682866559953,
      "transform_matrix": [
        [
          -0.08206565317904725,
          -0.37576767214516776,
          0.9230730660245873,
          4.353474601673275
        ],
        [
          0.9883821115918203,
          -0.14957524599046126,
          0.02698235112437631,
          0.32942091983599875
        ],
        [
          0.12792978564678642,
          0.9145632304202455,
          0.3836770355244077,
          2.0213726490270427
        ],
        [
          0.0,
          0.0,
          0.0,
          1.0
        ]
      ]
    },
    {
      "file_path": "./train/0010",
      "sharpness": 50.674380294033526,
      "transform_matrix": [
        [
          0.34505407392280996,
          -0.36734144092360427,
          0.863711729647442,
          4.264413044336799
        ],
        [
          0.9375155873115959,
          0.1787643916269293,
          -0.2985093228595359,
          -1.2574278705080535
        ],
        [
          -0.04474605710311644,
          0.9127450674449581,
          0.40607170833458545,
          1.867501927085367
        ],
        [
          0.0,
          0.0,
          0.0,
          1.0
        ]
      ]
    },
    {
      "file_path": "./train/0008",
      "sharpness": 39.48799141587624,
      "transform_matrix": [
        [
          0.3990930239394746,
          -0.35150518597880753,
          0.8468582304931467,
          4.18017486409053
        ],
        [
          0.9147597765506216,
          0.21585855496154518,
          -0.3414961719477716,
          -1.6660353639594718
        ],
        [
          -0.0627639184599895,
          0.9109605856223563,
          0.40769044882516714,
          1.8768486531620432
        ],
        [
          0.0,
          0.0,
          0.0,
          1.0
        ]
      ]
    },
    {
      "file_path": "./train/0009",
      "sharpness": 30.096017062175367,
      "transform_matrix": [
        [
          0.3724325605640397,
          -0.3592435512313475,
          0.8557090970718594,
          4.2163744600655
        ],
        [
          0.9264765152018288,
          0.19774617762451674,
          -0.3202151089726713,
          -1.4637477930014542
        ],
        [
          -0.054177990199211414,
          0.9120529152476248,
          0.4064778287279988,
          1.8617635712581104
        ],
        [
          0.0,
          0.0,
          0.0,
          1.0
        ]
      ]
    },
    {
      "file_path": "./train/0011",
      "sharpness": 36.438732072631986,
      "transform_matrix": [
        [
          0.3191181742733956,
          -0.37487560143227755,
          0.8704205158314782,
          4.29222566354498
        ],
        [
          0.9471154423288481,
          0.1588121886300987,
          -0.27883871260059956,
          -1.05514289566578
        ],
        [
          -0.033703557058984694,
          0.9133712127456819,
          0.40573032675682374,
          1.867877959534745
        ],
        [
          0.0,
          0.0,
          0.0,
          1.0
        ]
      ]
    },
    {
      "file_path": "./train/0028",
      "sharpness": 37.15806519436219,
      "transform_matrix": [
        [
          -0.17068773448978403,
          -0.3483193287825845,
          0.9217045853050362,
          4.1603732772119715
        ],
        [
          0.9739210892332747,
          -0.20154908422569903,
          0.1041905878401009,
          0.9219652402669041
        ],
        [
          0.14947711947293085,
          0.91545158906517,
          0.37363749666391294,
          1.8340542343902098
        ],
        [
          0.0,
          0.0,
          0.0,
          1.0
        ]
      ]
    },
    {
      "file_path": "./train/0002",
      "sharpness": 40.04743006618006,
      "transform_matrix": [
        [
          0.5010991441492156,
          -0.3050312684500119,
          0.8098491051312177,
          4.0313972543546805
        ],
        [
          0.8581933343439138,
          0.29559448217304624,
          -0.41967618826487607,
          -2.1485167267769976
        ],
        [
          -0.11137256682486604,
          0.9053064826073287,
          0.40989794338241337,
          1.803529586808325
        ],
        [
          0.0,
          0.0,
          0.0,
          1.0
        ]
      ]
    },
    {
      "file_path": "./train/0016",
      "sharpness": 47.2365600745458,
      "transform_matrix": [
        [
          0.18931793799899033,
          -0.4019346778080141,
          0.8958834930995837,
          4.468566900678419
        ],
        [
          0.9813881813219755,
          0.047546175740131376,
          -0.18605536470106254,
          -0.33059067881916
        ],
        [
          0.032186269059978546,
          0.9144330899682342,
          0.4034552864151004,
          1.9615043291807515
        ],
        [
          0.0,
          0.0,
          0.0,
          1.0
        ]
      ]
    },
    {
      "file_path": "./train/0001",
      "sharpness": 35.73040409161606,
      "transform_matrix": [
        [
          0.512992716152061,
          -0.2975108110388222,
          0.8051868047671218,
          4.031744503976728
        ],
        [
          0.8504524953125215,
          0.3034449716676596,
          -0.4297111848513254,
          -2.1586106065704778
        ],
        [
          -0.11648616404216162,
          0.9052118351847167,
          0.4086838718488963,
          1.8163940514682189
        ],
        [
          0.0,
          0.0,
          0.0,
          1.0
        ]
      ]
    },
    {
      "file_path": "./train/0027",
      "sharpness": 36.25608795814043,
      "transform_matrix": [
        [
          -0.14469637068018554,
          -0.3572895601642024,
          0.922717253870755,
          4.244010217147803
        ],
        [
          0.9792904174902085,
          -0.1851702551857893,
          0.08186729998170361,
          0.742464186207942
        ],
        [
          0.14160945776128472,
          0.9154540659532487,
          0.37668370642140225,
          1.904949403607482
        ],
        [
          0.0,
          0.0,
          0.0,
          1.0
        ]
      ]
    },
    {
      "file_path": "./train/0026",
      "sharpness": 43.39164448261443,
      "transform_matrix": [
        [
          -0.11350984070410315,
          -0.3667520958958462,
          0.9233679744827991,
          4.298668585469388
        ],
        [
          0.9842860174131497,
          -0.16804004474477988,
          0.054254762806086425,
          0.5410896400774204
        ],
        [
          0.13526474777652214,
          0.915016635694079,
          0.3800631585581382,
          1.9732021450514476
        ],
        [
          0.0,
          0.0,
          0.0,
          1.0
        ]
      ]
    },
    {
      "file_path": "./train/0030",
      "sharpness": 31.335021169064813,
      "transform_matrix": [
        [
          -0.21756757142692915,
          -0.32669746808233296,
          0.9197462238536862,
          3.951995495726276
        ],
        [
          0.9620017021266957,
          -0.23105088881222477,
          0.14549299599785717,
          1.2064514966933966
        ],
        [
          0.16497598908686872,
          0.9164519906707287,
          0.3645527011305953,
          1.6823476245061748
        ],
        [
          0.0,
          0.0,
          0.0,
          1.0
        ]
      ]
    },
    {
      "file_path": "./train/0018",
      "sharpness": 41.795319729302854,
      "transform_matrix": [
        [
          0.13160726332670575,
          -0.4050939313935018,
          0.9047532454039311,
          4.437420159637519
        ],
        [
          0.9896279251181211,
          0.000671227215228015,
          -0.14365277331273169,
          -0.23550964499107604
        ],
        [
          0.05758557169545301,
          0.9142748253579589,
          0.4009806051797603,
          1.994974463948851
        ],
        [
          0.0,
          0.0,
          0.0,
          1.0
        ]
      ]
    },
    {
      "file_path": "./train/0005",
      "sharpness": 47.06611014587555,
      "transform_matrix": [
        [
          0.4592771910478166,
          -0.32608551612731074,
          0.8262764053489283,
          4.0677177500297566
        ],
        [
          0.8837362788664099,
          0.26182903353289516,
          -0.38788625473789656,
          -2.030473620052033
        ],
        [
          -0.08985906306864813,
          0.9083577453002543,
          0.40842570367033487,
          1.8002530913572834
        ],
        [
          0.0,
          0.0,
          0.0,
          1.0
        ]
      ]
    },
    {
      "file_path": "./train/0029",
      "sharpness": 36.91863039718235,
      "transform_matrix": [
        [
          -0.19479353544279293,
          -0.33765639501016853,
          0.9208928480228131,
          4.0623525408673204
        ],
        [
          0.9681117388475825,
          -0.2169755298398957,
          0.12522491986908235,
          1.0752209505787345
        ],
        [
          0.15752821861708882,
          0.9159201812585074,
          0.3691545502683868,
          1.758290949696779
        ],
        [
          0.0,
          0.0,
          0.0,
          1.0
        ]
      ]
    },
    {
      "file_path": "./train/0012",
      "sharpness": 45.87664727400485,
      "transform_matrix": [
        [
          0.2938107113351279,
          -0.3822162681559919,
          0.876119849303043,
          4.319452740361465
        ],
        [
          0.9556277355405911,
          0.13781710995204777,
          -0.2603499092952383,
          -0.845243511442904
        ],
        [
          -0.0212343348569921,
          0.913738019697701,
          0.4057486099338484,
          1.8594051516165822
        ],
        [
          0.0,
          0.0,
          0.0,
          1.0
        ]
      ]
    },
    {
      "file_path": "./train/0024",
      "sharpness": 47.780855993495784,
      "transform_matrix": [
        [
          -0.05108173949291012,
          -0.3838034511259467,
          0.9220008497150777,
          4.4162853035288805
        ],
        [
          0.9914815992210962,
          -0.13024488022286176,
          0.0007138499293652732,
          0.14483347971174734
        ],
        [
          0.11981191217004065,
          0.9141833416548434,
          0.3871871945507588,
          2.049333959232205
        ],
        [
          0.0,
          0.0,
          0.0,
          1.0
        ]
      ]
    },
    {
      "file_path": "./train/0022",
      "sharpness": 51.73523723970243,
      "transform_matrix": [
        [
          0.009800963156089413,
          -0.3957771485518503,
          0.9182942828344918,
          4.4605245738999475
        ],
        [
          0.9948559082785088,
          -0.0887364208624582,
          -0.048862760624793694,
          -0.058688000888181054
        ],
        [
          0.10082491202764313,
          0.9140493949328583,
          0.39287153220695287,
          2.0709738617484446
        ],
        [
          0.0,
          0.0,
          0.0,
          1.0
        ]
      ]
    },
    {
      "file_path": "./train/0004",
      "sharpness": 82.42991608792946,
      "transform_matrix": [
        [
          0.47507201478820255,
          -0.3181700982551442,
          0.8204110978177487,
          4.047005170212254
        ],
        [
          0.8745242732851084,
          0.2740642456379139,
          -0.4001200878462433,
          -2.0850235488543296
        ],
        [
          -0.09753910097249802,
          0.9075552754044521,
          0.4084477273142441,
          1.7875115118066502
        ],
        [
          0.0,
          0.0,
          0.0,
          1.0
        ]
      ]
    },
    {
      "file_path": "./train/0013",
      "sharpness": 47.69308592883707,
      "transform_matrix": [
        [
          0.2687062820870806,
          -0.3876069490188294,
          0.8817923718882957,
          4.3650467476761605
        ],
        [
          0.9631878058019012,
          0.1158573308074777,
          -0.2425826243833167,
          -0.6432621950373076
        ],
        [
          -0.008135399611174621,
          0.9145151349489095,
          0.40446987935282586,
          1.8566428062224671
        ],
        [
          0.0,
          0.0,
          0.0,
          1.0
        ]
      ]
    },
    {
      "file_path": "./train/0032",
      "sharpness": 44.52912998290145,
      "transform_matrix": [
        [
          -0.2619819747121083,
          -0.30274604792667636,
          0.916357067671689,
          3.723167341338928
        ],
        [
          0.9483391298643038,
          -0.2568127048183902,
          0.1862797074618957,
          1.403079644977537
        ],
        [
          0.1789366918851888,
          0.9178191898104355,
          0.3543862232001205,
          1.5201434479041158
        ],
        [
          0.0,
          0.0,
          0.0,
          1.0
        ]
      ]
    },
    {
      "file_path": "./train/0023",
      "sharpness": 45.81297403314929,
      "transform_matrix": [
        [
          -0.021316288921577196,
          -0.39076549828218904,
          0.9202434141356396,
          4.436547322242321
        ],
        [
          0.9936584373136417,
          -0.10992319189387412,
          -0.023660131852669672,
          0.029117217137714077
        ],
        [
          0.11040165661393653,
          0.9139032866316956,
          0.39063058889675834,
          2.0616857553647443
        ],
        [
          0.0,
          0.0,
          0.0,
          1.0
        ]
      ]
    },
    {
      "file_path": "./train/0031",
      "sharpness": 57.59479358337615,
      "transform_matrix": [
        [
          -0.24044374322839274,
          -0.31536823532030756,
          0.9180030950788824,
          3.837092643802487
        ],
        [
          0.9552280086394426,
          -0.24486549898708898,
          0.16607329380891003,
          1.3194532960841743
        ],
        [
          0.17241304434583574,
          0.9168335528507285,
          0.3601249485770964,
          1.606589576642769
        ],
        [
          0.0,
          0.0,
          0.0,
          1.0
        ]
      ]
    },
    {
      "file_path": "./train/0019",
      "sharpness": 44.08303335619199,
      "transform_matrix": [
        [
          0.10219507336365219,
          -0.40617275179437784,
          0.9080637988385586,
          4.447851916479062
        ],
        [
          0.9923166747875698,
          -0.022372856845905113,
          -0.12168431375943567,
          -0.17531236569706615
        ],
        [
          0.0697408339482443,
          0.9135223867302983,
          0.40076559870319195,
          2.0419580097174412
        ],
        [
          0.0,
          0.0,
          0.0,
          1.0
        ]
      ]
    },
    {
      "file_path": "./train/0017",
      "sharpness": 48.925007204486924,
      "transform_matrix": [
        [
          0.1607515897959132,
          -0.4048649832632279,
          0.9001351408463545,
          4.456999361333535
        ],
        [
          0.9859514059636033,
          0.02394487918892924,
          -0.16530719233908914,
          -0.28459182729754345
        ],
        [
          0.04537346645838077,
          0.9140629016479168,
          0.4030263768709017,
          1.9792520425161333
        ],
        [
          0.0,
          0.0,
          0.0,
          1.0
        ]
      ]
    },
    {
      "file_path": "./train/0020",
      "sharpness": 75.79108360984169,
      "transform_matrix": [
        [
          0.07368383364840882,
          -0.4039273411875956,
          0.9118187296722563,
          4.450628535803208
        ],
        [
          0.9939638095449953,
          -0.044773574881148255,
          -0.10015623948199208,
          -0.137744097309745
        ],
        [
          0.0812812276883234,
          0.9136947138483553,
          0.39819007018281644,
          2.0652316401716773
        ],
        [
          0.0,
          0.0,
          0.0,
          1.0
        ]
      ]
    },
    {
      "file_path": "./train/0041",
      "sharpness": 7.343353672931928,
      "transform_matrix": [
        [
          -0.441743231049051,
          -0.20019539433184438,
          0.87451970932152,
          3.1682679838677
        ],
        [
          0.8713821753830557,
          -0.3276544074859592,
          0.36515160369321953,
          1.9632366508506562
        ],
        [
          0.2134385679002665,
          0.9233441359621288,
          0.319185814844861,
          0.9694718405627407
        ],
        [
          0.0,
          0.0,
          0.0,
          1.0
        ]
      ]
    },
    {
      "file_path": "./train/0003",
      "sharpness": 77.17203942778787,
      "transform_matrix": [
        [
          0.4885287537275075,
          -0.3119123966352667,
          0.8148928234362028,
          4.035502356022958
        ],
        [
          0.8662024743992228,
          0.2857921075676959,
          -0.4098977245566137,
          -2.122542844751262
        ],
        [
          -0.10503775580982692,
          0.9061090045639918,
          0.4097969518964638,
          1.7926295295171917
        ],
        [
          0.0,
          0.0,
          0.0,
          1.0
        ]
      ]
    },
    {
      "file_path": "./train/0021",
      "sharpness": 70.95581305118253,
      "transform_matrix": [
        [
          0.04381673370991461,
          -0.4000765148800866,
          0.9154337093255481,
          4.449818902837003
        ],
        [
          0.994776043859455,
          -0.06709271624282202,
          -0.07693627226804978,
          -0.11663444222906957
        ],
        [
          0.09219932977575981,
          0.9140226199330574,
          0.3950467490320042,
          2.0729646037067133
        ],
        [
          0.0,
          0.0,
          0.0,
          1.0
        ]
      ]
    },
    {
      "file_path": "./train/0040",
      "sharpness": 10.671451576967591,
      "transform_matrix": [
        [
          -0.42585461081019954,
          -0.20856505346396936,
          0.8804251637739567,
          3.223317062407869
        ],
        [
          0.8798914993352391,
          -0.32217598909674106,
          0.3492757956789062,
          1.8570145198931685
        ],
        [
          0.21080512296509316,
          0.9234193254398037,
          0.3207147480505299,
          0.9307683241951621
        ],
        [
          0.0,
          0.0,
          0.0,
          1.0
        ]
      ]
    },
    {
      "file_path": "./train/0014",
      "sharpness": 59.09307194954735,
      "transform_matrix": [
        [
          0.24322352580234952,
          -0.39335539218119214,
          0.8866306175738509,
          4.42269061495348
        ],
        [
          0.9699571094549406,
          0.09387307281524765,
          -0.22443496166607205,
          -0.4829372791442422
        ],
        [
          0.0050519618415905245,
          0.9145815336659183,
          0.4043699989366089,
          1.884294623439376
        ],
        [
          0.0,
          0.0,
          0.0,
          1.0
        ]
      ]
    },
    {
      "file_path": "./train/0042",
      "sharpness": 9.494568037900626,
      "transform_matrix": [
        [
          -0.45800910813093704,
          -0.19112724968169392,
          0.8681578378263648,
          3.1289032936206786
        ],
        [
          0.8624527981317994,
          -0.3321954489411554,
          0.38186562387497675,
          2.051637898529806
        ],
        [
          0.21541315624930352,
          0.9236430902702435,
          0.31698677258190655,
          1.0229250100913494
        ],
        [
          0.0,
          0.0,
          0.0,
          1.0
        ]
      ]
    },
    {
      "file_path": "./train/0039",
      "sharpness": 15.498936595658016,
      "transform_matrix": [
        [
          -0.4062071015985327,
          -0.2188219045350713,
          0.8871937583119582,
          3.2882446922159536
        ],
        [
          0.88967017423384,
          -0.31626794876811093,
          0.329335035580413,
          1.7318754725149703
        ],
        [
          0.20852523038536272,
          0.9230880557945443,
          0.32314960873150517,
          0.9281903227378515
        ],
        [
          0.0,
          0.0,
          0.0,
          1.0
        ]
      ]
    },
    {
      "file_path": "./train/0036",
      "sharpness": 17.824683042127454,
      "transform_matrix": [
        [
          -0.34714597560446675,
          -0.25341663416923166,
          0.902922854528057,
          3.398691087422229
        ],
        [
          0.9165930164223721,
          -0.2953295924677386,
          0.26951377341165333,
          1.541669567091716
        ],
        [
          0.19836056533734814,
          0.9211734046383999,
          0.3348023966268635,
          1.087813595148147
        ],
        [
          0.0,
          0.0,
          0.0,
          1.0
        ]
      ]
    },
    {
      "file_path": "./train/0043",
      "sharpness": 11.659934404277521,
      "transform_matrix": [
        [
          -0.473621793276147,
          -0.18164339975756041,
          0.8617935207110434,
          3.1265069144323525
        ],
        [
          0.8534235809213289,
          -0.3364111073148164,
          0.39811525768632194,
          2.1235569018364706
        ],
        [
          0.21760190367763546,
          0.9240309747360093,
          0.3143503925962792,
          1.0780013066991647
        ],
        [
          0.0,
          0.0,
          0.0,
          1.0
        ]
      ]
    },
    {
      "file_path": "./train/0035",
      "sharpness": 22.88105561717469,
      "transform_matrix": [
        [
          -0.3261495762740311,
          -0.2653057620343763,
          0.9073253587378469,
          3.4491659586263044
        ],
        [
          0.9251647762938155,
          -0.2867156275059451,
          0.2487253216886,
          1.5191141727689343
        ],
        [
          0.1941560985747391,
          0.920547120819765,
          0.338963726404201,
          1.193717111793881
        ],
        [
          0.0,
          0.0,
          0.0,
          1.0
        ]
      ]
    },
    {
      "file_path": "./train/0037",
      "sharpness": 20.584710517328638,
      "transform_matrix": [
        [
          -0.3677565773569647,
          -0.24181842620102628,
          0.8979303695952617,
          3.371068583351896
        ],
        [
          0.9077615308140738,
          -0.3028970735067106,
          0.2902108992356619,
          1.5756696784444484
        ],
        [
          0.20180213824365129,
          0.9218336138828358,
          0.3309058557915624,
          1.010038421746925
        ],
        [
          0.0,
          0.0,
          0.0,
          1.0
        ]
      ]
    },
    {
      "file_path": "./train/0033",
      "sharpness": 46.39576003008184,
      "transform_matrix": [
        [
          -0.28351087913491596,
          -0.2906997799754747,
          0.9138463872093009,
          3.609899686681707
        ],
        [
          0.9410082111283811,
          -0.2679030021613564,
          0.20671605651692365,
          1.4572533424894392
        ],
        [
          0.18472987850081357,
          0.9185432049883742,
          0.3495042955957846,
          1.4213622082829478
        ],
        [
          0.0,
          0.0,
          0.0,
          1.0
        ]
      ]
    },
    {
      "file_path": "./train/0064",
      "sharpness": 6.88024159221675,
      "transform_matrix": [
        [
          -0.8617276871217091,
          -0.0015663517449669183,
          0.5073686429719665,
          1.680335751907924
        ],
        [
          0.4140499175217767,
          -0.5801223922248174,
          0.7014418549242527,
          2.6807450242604354
        ],
        [
          0.29323720622730304,
          0.8145278120699162,
          0.5005560751102183,
          1.518765204607384
        ],
        [
          0.0,
          0.0,
          0.0,
          1.0
        ]
      ]
    },
    {
      "file_path": "./train/0066",
      "sharpness": 6.178449163287177,
      "transform_matrix": [
        [
          -0.8970909919286059,
          0.040813987646677714,
          0.4399567827571937,
          1.4497336373240837
        ],
        [
          0.3242098781789034,
          -0.6156976887356906,
          0.7181951761024022,
          2.676117368112401
        ],
        [
          0.3001927833325415,
          0.7869247578697361,
          0.5391045523531259,
          1.617486239541102
        ],
        [
          0.0,
          0.0,
          0.0,
          1.0
        ]
      ]
    },
    {
      "file_path": "./train/0065",
      "sharpness": 7.441884534522138,
      "transform_matrix": [
        [
          -0.8796117726963208,
          0.01856332799113194,
          0.4753299193918508,
          1.5648042469159666
        ],
        [
          0.3711104617890236,
          -0.5983390033141482,
          0.710117921379105,
          2.6755405927622906
        ],
        [
          0.2975905821012558,
          0.8010279895353501,
          0.5194169861553775,
          1.5460774211903408
        ],
        [
          0.0,
          0.0,
          0.0,
          1.0
        ]
      ]
    },
    {
      "file_path": "./train/0038",
      "sharpness": 30.235149991367045,
      "transform_matrix": [
        [
          -0.38721192477080657,
          -0.23035530867475404,
          0.8927504450638934,
          3.3360090691030737
        ],
        [
          0.8988283171685288,
          -0.30998904840572816,
          0.309861979152837,
          1.6320202654847746
        ],
        [
          0.2053645090748247,
          0.922411633549296,
          0.32708133053801874,
          0.9576655784180301
        ],
        [
          0.0,
          0.0,
          0.0,
          1.0
        ]
      ]
    },
    {
      "file_path": "./train/0034",
      "sharpness": 38.6360074245093,
      "transform_matrix": [
        [
          -0.3049693627095271,
          -0.2782912719846569,
          0.9107950679636119,
          3.517648705036122
        ],
        [
          0.9333247182738686,
          -0.2775977046367,
          0.2276938397046584,
          1.4950116594989808
        ],
        [
          0.18946941198664594,
          0.9195071953999818,
          0.34439491809583833,
          1.313881809608374
        ],
        [
          0.0,
          0.0,
          0.0,
          1.0
        ]
      ]
    },
    {
      "file_path": "./train/0063",
      "sharpness": 8.525119581049324,
      "transform_matrix": [
        [
          -0.8409590614822565,
          -0.018558550106843964,
          0.5407803964734188,
          1.7768740290090947
        ],
        [
          0.4565748508596253,
          -0.560692044125113,
          0.6907704663760058,
          2.6993774703757
        ],
        [
          0.29039156760890317,
          0.8278164119708868,
          0.4799924224552261,
          1.510637996661217
        ],
        [
          0.0,
          0.0,
          0.0,
          1.0
        ]
      ]
    },
    {
      "file_path": "./train/0068",
      "sharpness": 6.226000472706402,
      "transform_matrix": [
        [
          -0.9217512700584531,
          0.08791552259090622,
          0.3776843352779277,
          1.140111679642699
        ],
        [
          0.23537317319767545,
          -0.6471869846122577,
          0.7250851510597648,
          2.661141865544282
        ],
        [
          0.3081786260621327,
          0.7572449193512839,
          0.5758524695060955,
          1.7197397196513893
        ],
        [
          0.0,
          0.0,
          0.0,
          1.0
        ]
      ]
    },
    {
      "file_path": "./train/0045",
      "sharpness": 15.254241884301981,
      "transform_matrix": [
        [
          -0.5178956957613937,
          -0.16059215584346498,
          0.8402346147800054,
          3.0845894933961606
        ],
        [
          0.827566357410579,
          -0.3427625674229533,
          0.44457591753920167,
          2.1775311690802317
        ],
        [
          0.216605568765924,
          0.9255938536564947,
          0.31041592377656024,
          1.1169663265665615
        ],
        [
          0.0,
          0.0,
          0.0,
          1.0
        ]
      ]
    },
    {
      "file_path": "./train/0046",
      "sharpness": 19.811059026883765,
      "transform_matrix": [
        [
          -0.5314466045882996,
          -0.15516586260506757,
          0.8327593059430357,
          3.0741739285880283
        ],
        [
          0.8184646982263772,
          -0.3474696224532603,
          0.4575810302333407,
          2.2062729479561036
        ],
        [
          0.21835760636259402,
          0.9247639788753991,
          0.3116593319624555,
          1.1281307341135554
        ],
        [
          0.0,
          0.0,
          0.0,
          1.0
        ]
      ]
    },
    {
      "file_path": "./train/0047",
      "sharpness": 18.50446950683592,
      "transform_matrix": [
        [
          -0.5442465347754576,
          -0.14987366668096724,
          0.8254293388907634,
          3.0496201192504766
        ],
        [
          0.8093704451168866,
          -0.3526644078215747,
          0.4696246352430439,
          2.249289741715843
        ],
        [
          0.22071518295087833,
          0.9236696918067696,
          0.313239698208405,
          1.1661942269206595
        ],
        [
          0.0,
          0.0,
          0.0,
          1.0
        ]
      ]
    },
    {
      "file_path": "./train/0049",
      "sharpness": 20.779168103842025,
      "transform_matrix": [
        [
          -0.5732511227640671,
          -0.13947147446874872,
          0.8074223542486197,
          2.9706500989005105
        ],
        [
          0.7877209969603468,
          -0.3650744337054919,
          0.49620186295742924,
          2.3780003920201915
        ],
        [
          0.22556325327765736,
          0.9204718169147609,
          0.31914393793018164,
          1.2309178885193648
        ],
        [
          0.0,
          0.0,
          0.0,
          1.0
        ]
      ]
    },
    {
      "file_path": "./train/0048",
      "sharpness": 21.196663271200944,
      "transform_matrix": [
        [
          -0.557711997095253,
          -0.14471341182510772,
          0.8173220643143652,
          3.019070436786439
        ],
        [
          0.7994530842929107,
          -0.3584753699926236,
          0.4820478971256025,
          2.310842843756926
        ],
        [
          0.2232310335520624,
          0.9222545405782544,
          0.31561759793017824,
          1.2014527147628422
        ],
        [
          0.0,
          0.0,
          0.0,
          1.0
        ]
      ]
    },
    {
      "file_path": "./train/0062",
      "sharpness": 12.531916473652863,
      "transform_matrix": [
        [
          -0.8172993974450943,
          -0.0364616558819907,
          0.5750584689119557,
          1.8453507782339083
        ],
        [
          0.4993924230613894,
          -0.542687116846361,
          0.6753502061877746,
          2.7013499442332907
        ],
        [
          0.2874524356940617,
          0.8391431587736028,
          0.4617465282794841,
          1.4691401401202913
        ],
        [
          0.0,
          0.0,
          0.0,
          1.0
        ]
      ]
    },
    {
      "file_path": "./train/0052",
      "sharpness": 23.6581210842975,
      "transform_matrix": [
        [
          -0.624056761698649,
          -0.12600810074309265,
          0.7711518117766747,
          2.7909646392857472
        ],
        [
          0.7457860143456578,
          -0.39052393545498804,
          0.5397168485819005,
          2.5408715079295843
        ],
        [
          0.23314454533941859,
          0.9119281849205799,
          0.3376841817543091,
          1.2426704906706338
        ],
        [
          0.0,
          0.0,
          0.0,
          1.0
        ]
      ]
    },
    {
      "file_path": "./train/0053",
      "sharpness": 23.185172517177104,
      "transform_matrix": [
        [
          -0.6394246128222673,
          -0.1211729690734501,
          0.7592452016075912,
          2.70858765073772
        ],
        [
          0.731174030377904,
          -0.4011861861134958,
          0.5517555449405568,
          2.5640676085689926
        ],
        [
          0.23774082917473527,
          0.9079464498006616,
          0.34512684989555553,
          1.270616501825467
        ],
        [
          0.0,
          0.0,
          0.0,
          1.0
        ]
      ]
    },
    {
      "file_path": "./train/0061",
      "sharpness": 14.374454364070202,
      "transform_matrix": [
        [
          -0.7970403717041352,
          -0.0499000578229604,
          0.6018609724713284,
          1.9487993498397367
        ],
        [
          0.5341759316857637,
          -0.523184700178582,
          0.6640284960050323,
          2.6765018238649407
        ],
        [
          0.28174939208485744,
          0.85075716499316,
          0.4436547377790067,
          1.5083306451213399
        ],
        [
          0.0,
          0.0,
          0.0,
          1.0
        ]
      ]
    },
    {
      "file_path": "./train/0054",
      "sharpness": 28.60563945694193,
      "transform_matrix": [
        [
          -0.6587623796272792,
          -0.11541467186230543,
          0.743445748382392,
          2.632423238045884
        ],
        [
          0.7124930425152167,
          -0.413070853135746,
          0.5672090749072405,
          2.5785951950702057
        ],
        [
          0.2416315202867168,
          0.9033559231420543,
          0.35434768887244394,
          1.313391833019887
        ],
        [
          0.0,
          0.0,
          0.0,
          1.0
        ]
      ]
    },
    {
      "file_path": "./train/0059",
      "sharpness": 18.471813264236253,
      "transform_matrix": [
        [
          -0.7558165152024557,
          -0.07449569499576104,
          0.6505319260846838,
          2.136140600679214
        ],
        [
          0.5966809418529482,
          -0.48750754496938536,
          0.6374231304458703,
          2.605781811454628
        ],
        [
          0.269653943100811,
          0.8699349315246595,
          0.4129164152277258,
          1.4842763616691772
        ],
        [
          0.0,
          0.0,
          0.0,
          1.0
        ]
      ]
    },
    {
      "file_path": "./train/0050",
      "sharpness": 26.04567127564331,
      "transform_matrix": [
        [
          -0.5906100539671604,
          -0.1342470657807849,
          0.7957119388090715,
          2.9273052034004263
        ],
        [
          0.7742700422253184,
          -0.3720801284974718,
          0.5119201887889553,
          2.4523686813777226
        ],
        [
          0.227344817180189,
          0.9184411267884135,
          0.3236977460627134,
          1.2364793718431226
        ],
        [
          0.0,
          0.0,
          0.0,
          1.0
        ]
      ]
    },
    {
      "file_path": "./train/0044",
      "sharpness": 32.007772427352585,
      "transform_matrix": [
        [
          -0.49984597830579724,
          -0.1685480073778781,
          0.8495561001261782,
          3.127339602804481
        ],
        [
          0.8386989001293682,
          -0.33902951637444817,
          0.4261961308467121,
          2.170634070455092
        ],
        [
          0.2161900851523658,
          0.9255541887472412,
          0.3108235686935504,
          1.1096287592083132
        ],
        [
          0.0,
          0.0,
          0.0,
          1.0
        ]
      ]
    },
    {
      "file_path": "./train/0055",
      "sharpness": 25.122218356828846,
      "transform_matrix": [
        [
          -0.6776854535864322,
          -0.11062323862471396,
          0.7269834421461505,
          2.5253380832765435
        ],
        [
          0.6928438215119315,
          -0.4273108457919051,
          0.5808380842036455,
          2.5624922616789707
        ],
        [
          0.2463937195490005,
          0.8973115067862586,
          0.366226971749662,
          1.3621510643570278
        ],
        [
          0.0,
          0.0,
          0.0,
          1.0
        ]
      ]
    },
    {
      "file_path": "./train/0056",
      "sharpness": 26.796510413954007,
      "transform_matrix": [
        [
          -0.6955230204275381,
          -0.10359555974699464,
          0.7109962645029825,
          2.4261362927421
        ],
        [
          0.6729032412714097,
          -0.4408312922419052,
          0.5940277768478294,
          2.55896424387816
        ],
        [
          0.25189076201220345,
          0.8915916844869792,
          0.3763180998141433,
          1.4020153573662828
        ],
        [
          0.0,
          0.0,
          0.0,
          1.0
        ]
      ]
    },
    {
      "file_path": "./train/0067",
      "sharpness": 16.06593157001363,
      "transform_matrix": [
        [
          -0.9110110555691971,
          0.06429926217177895,
          0.40733826434057907,
          1.306791819816111
        ],
        [
          0.27886843037769776,
          -0.6316157898999318,
          0.7233905532198881,
          2.6753225233331364
        ],
        [
          0.3037947584220161,
          0.7726105738870687,
          0.5574779331546212,
          1.681965994998749
        ],
        [
          0.0,
          0.0,
          0.0,
          1.0
        ]
      ]
    },
    {
      "file_path": "./train/0069",
      "sharpness": 11.157931971420245,
      "transform_matrix": [
        [
          -0.9308449192934622,
          0.11481306062023505,
          0.3469087739128192,
          1.0286421686325182
        ],
        [
          0.18982290444137592,
          -0.6592823559461976,
          0.7275397171890226,
          2.652458341399618
        ],
        [
          0.3122418954169024,
          0.7430778803699322,
          0.5918954827776052,
          1.8247180494492576
