{
  "camera_angle_x": 1.0777809568757148,
  "aabb_scale": 16,
  "frames": [
    {
      "file_path": "./train/0021",
      "sharpness": 9.163729258227539,
      "transform_matrix": [
        [
          -0.1561989702549605,
          -0.42753621779428747,
          0.8904014062491457,
          3.9889996764457267
        ],
        [
          0.9828584633771882,
          -0.15665899584088253,
          0.0971967077772664,
          0.24746681173963642
        ],
        [
          0.0979342773731518,
          0.8903205836019042,
          0.44467756389091023,
          2.0159038013373944
        ],
        [
          0.0,
          0.0,
          0.0,
          1.0
        ]
      ]
    },
    {
      "file_path": "./train/0004",
      "sharpness": 18.16558877170787,
      "transform_matrix": [
        [
          -0.5132903775093262,
          0.5768969390428181,
          -0.6353919342928197,
          -2.15275392010882
        ],
        [
          -0.8578253338700952,
          -0.3225720290389288,
          0.4001037148854647,
          1.4158928739124523
        ],
        [
          0.025858942937280513,
          0.7504246850295477,
          0.6604499279023824,
          2.119792346384763
        ],
        [
          0.0,
          0.0,
          0.0,
          1.0
        ]
      ]
    },
    {
      "file_path": "./train/0003",
      "sharpness": 21.327642589005478,
      "transform_matrix": [
        [
          -0.659978910465497,
          0.524233928334654,
          -0.5381511183753149,
          -1.841795856261446
        ],
        [
          -0.7489663195629027,
          -0.4028785612059527,
          0.5260592334460081,
          1.9269274334907005
        ],
        [
          0.05896855020369657,
          0.750245062228231,
          0.6585249097694206,
          2.1473247213643583
        ],
        [
          0.0,
          0.0,
          0.0,
          1.0
        ]
      ]
    },
    {
      "file_path": "./train/0018",
      "sharpness": 22.630318272733152,
      "transform_matrix": [
        [
          0.4164797095016761,
          -0.28834268147471537,
          0.8622082983237755,
          3.8320497541434952
        ],
        [
          0.9091251907824178,
          0.13834930478052246,
          -0.3928751167538609,
          -1.7007184777775912
        ],
        [
          -0.0060032539995915285,
          0.9474797982038712,
          0.3197592735711654,
          1.2604135593967782
        ],
        [
          0.0,
          0.0,
          0.0,
          1.0
        ]
      ]
    },
    {
      "file_path": "./train/0002",
      "sharpness": 25.88246816064561,
      "transform_matrix": [
        [
          -0.7619471034022299,
          0.4669668732219628,
          -0.4487522156104241,
          -1.5801475058386774
        ],
        [
          -0.6432180034756522,
          -0.4648094475406998,
          0.6084593474460609,
          2.0866601547971513
        ],
        [
          0.07554608953901677,
          0.7522593415047498,
          0.6545217120707261,
          2.08920963308736
        ],
        [
          0.0,
          0.0,
          0.0,
          1.0
        ]
      ]
    },
    {
      "file_path": "./train/0005",
      "sharpness": 11.800134450048542,
      "transform_matrix": [
        [
          -0.3500114723811238,
          0.6163414321044264,
          -0.705418463295421,
          -2.4933155629361425
        ],
        [
          -0.9367441736150534,
          -0.23151850233435842,
          0.26250625952134454,
          1.1451127188560912
        ],
        [
          -0.0015239422113988096,
          0.7526768378567972,
          0.6583883773669006,
          2.374205836923157
        ],
        [
          0.0,
          0.0,
          0.0,
          1.0
        ]
      ]
    },
    {
      "file_path": "./train/0019",
      "sharpness": 27.502291043281776,
      "transform_matrix": [
        [
          0.19958454688529914,
          -0.3359473900551065,
          0.9204919118844893,
          4.013764282796777
        ],
        [
          0.9793851532289641,
          0.038522855693502674,
          -0.198294506319962,
          -0.6935068630135047
        ],
        [
          0.03115654477189459,
          0.9410926313607261,
          0.33671045278430656,
          1.3154120886933247
        ],
        [
          0.0,
          0.0,
          0.0,
          1.0
        ]
      ]
    },
    {
      "file_path": "./train/0012",
      "sharpness": 45.60555795969859,
      "transform_matrix": [
        [
          0.9346445705291151,
          0.2892935153655728,
          -0.20675780235068558,
          -1.0920959383773108
        ],
        [
          -0.3206867268958845,
          0.43457110207339894,
          -0.8416103495373003,
          -3.4795528477771174
        ],
        [
          -0.1536214505558826,
          0.8529110265921762,
          0.4989421116165464,
          2.1450211311328826
        ],
        [
          0.0,
          0.0,
          0.0,
          1.0
        ]
      ]
    },
    {
      "file_path": "./train/0016",
      "sharpness": 48.04617185489777,
      "transform_matrix": [
        [
          0.7774005345867349,
          -0.14687787518096151,
          0.6116169542218357,
          2.4521947653718548
        ],
        [
          0.6221042642415795,
          0.32318342027102187,
          -0.7131190372491455,
          -3.0629773320042206
        ],
        [
          -0.09292305021891033,
          0.9348686360853145,
          0.3426163161610805,
          1.6914052119854879
        ],
        [
          0.0,
          0.0,
          0.0,
          1.0
        ]
      ]
    },
    {
      "file_path": "./train/0020",
      "sharpness": 25.327199068841303,
      "transform_matrix": [
        [
          0.014510480174652856,
          -0.3779985001289336,
          0.9256924867094837,
          4.3050444587898
        ],
        [
          0.9977073470273947,
          -0.05572964303017074,
          -0.03839604912056399,
          -0.1130059115075699
        ],
        [
          0.06610216081848065,
          0.9241273401876599,
          0.3763232168636429,
          1.623662184613872
        ],
        [
          0.0,
          0.0,
          0.0,
          1.0
        ]
      ]
    },
    {
      "file_path": "./train/0009",
      "sharpness": 54.60224963321952,
      "transform_matrix": [
        [
          0.44088667166853274,
          0.5818067963207235,
          -0.6834616262710512,
          -2.754673773997814
        ],
        [
          -0.8918140972808197,
          0.19791180295043237,
          -0.4068151105316602,
          -1.2692344779282103
        ],
        [
          -0.10142267345054791,
          0.7888800733257685,
          0.6061201789393463,
          2.490116564932886
        ],
        [
          0.0,
          0.0,
          0.0,
          1.0
        ]
      ]
    },
    {
      "file_path": "./train/0022",
      "sharpness": 19.29556562771244,
      "transform_matrix": [
        [
          -0.32930314420477047,
          -0.45995201409392517,
          0.8246232982597594,
          3.325938891227108
        ],
        [
          0.9348357733774244,
          -0.2816651560225212,
          0.2162101216627531,
          0.4049746436232786
        ],
        [
          0.13282136903786523,
          0.8420860316461455,
          0.5227328183031422,
          2.4243974958053216
        ],
        [
          0.0,
          0.0,
          0.0,
          1.0
        ]
      ]
    },
    {
      "file_path": "./train/0013",
      "sharpness": 31.795662503081076,
      "transform_matrix": [
        [
          0.9854708467233538,
          0.16867840996175143,
          0.019869684349315183,
          0.17186241348515596
        ],
        [
          -0.05939160491928776,
          0.4518368773596047,
          -0.8901213813496527,
          -3.8563221612908536
        ],
        [
          -0.15912211540953283,
          0.8760085789224582,
          0.455290151595268,
          2.0042403810100486
        ],
        [
          0.0,
          0.0,
          0.0,
          1.0
        ]
      ]
    },
    {
      "file_path": "./train/0006",
      "sharpness": 36.16639129236582,
      "transform_matrix": [
        [
          -0.17031006649317199,
          0.6373778390335612,
          -0.751494492092264,
          -2.58142119792208
        ],
        [
          -0.9849603515413965,
          -0.1326452466473874,
          0.11071740805349112,
          0.47026632021980136
        ],
        [
          -0.029113349969200262,
          0.7590485682401611,
          0.6503827211757119,
          2.359609747931584
        ],
        [
          0.0,
          0.0,
          0.0,
          1.0
        ]
      ]
    },
    {
      "file_path": "./train/0001",
      "sharpness": 19.13870173128861,
      "transform_matrix": [
        [
          -0.8351046998233571,
          0.4174827029299151,
          -0.35820152592121063,
          -1.2951215359087813
        ],
        [
          -0.5407772891235783,
          -0.5037402142470281,
          0.6736510373563555,
          2.460304549605557
        ],
        [
          0.10079714249590924,
          0.7562763974847734,
          0.6464409847541412,
          2.068897419923663
        ],
        [
          0.0,
          0.0,
          0.0,
          1.0
        ]
      ]
    },
    {
      "file_path": "./train/0015",
      "sharpness": 37.05069106492174,
      "transform_matrix": [
        [
          0.8968038485801504,
          -0.05312285319439721,
          0.43922752614712934,
          1.8537229910113766
        ],
        [
          0.4235303044336293,
          0.39013287169977545,
          -0.8175686048634848,
          -3.4789818562192263
        ],
        [
          -0.1279255191328569,
          0.919224839184601,
          0.37237179898379086,
          1.7018536151576635
        ],
        [
          0.0,
          0.0,
          0.0,
          1.0
        ]
      ]
    },
    {
      "file_path": "./train/0010",
      "sharpness": 53.94036551425667,
      "transform_matrix": [
        [
          0.6460334013231783,
          0.5093199075381778,
          -0.5685367853051531,
          -2.4868137892472175
        ],
        [
          -0.752962185087277,
          0.3030012449290261,
          -0.5841559666842705,
          -2.198270524936739
        ],
        [
          -0.12525490920409985,
          0.8054709662261326,
          0.5792475553550525,
          2.326596501815208
        ],
        [
          0.0,
          0.0,
          0.0,
          1.0
        ]
      ]
    },
    {
      "file_path": "./train/0014",
      "sharpness": 39.15925196755328,
      "transform_matrix": [
        [
          0.9701683423717126,
          0.052313202769321415,
          0.23672075608351154,
          1.0418213047470075
        ],
        [
          0.19135157248106013,
          0.4343053530926473,
          -0.8802064735031646,
          -3.86124320015117
        ],
        [
          -0.14885551128244848,
          0.8992453442589016,
          0.411339090881625,
          1.8400509953023032
        ],
        [
          0.0,
          0.0,
          0.0,
          1.0
        ]
      ]
    },
    {
      "file_path": "./train/0007",
      "sharpness": 54.46451771507496,
      "transform_matrix": [
        [
          0.01819561593609371,
          0.6418590331325553,
          -0.7666067448384847,
          -2.765403224516223
        ],
        [
          -0.9985295943847277,
          -0.027493536711653627,
          -0.04671995922233624,
          -0.036401005359261
        ],
        [
          -0.0510643585370593,
          0.7663296204107284,
          0.6404149781712942,
          2.515381218911686
        ],
        [
          0.0,
          0.0,
          0.0,
          1.0
        ]
      ]
    },
    {
      "file_path": "./train/0030",
      "sharpness": 24.50410831400393,
      "transform_matrix": [
        [
          -0.4639581482279992,
          0.7934410047622403,
          -0.3939469618359081,
          -1.750820671975516
        ],
        [
          -0.8831722504632836,
          -0.37969964298824516,
          0.2753814756642112,
          1.0584469609365104
        ],
        [
          0.06891743397852207,
          0.4756885043532534,
          0.876909821029376,
          3.7922638370820225
        ],
        [
          0.0,
          0.0,
          0.0,
          1.0
        ]
      ]
    },
    {
      "file_path": "./train/0023",
      "sharpness": 36.604726024862224,
      "transform_matrix": [
        [
          -0.5266744424921522,
          -0.44097516566102324,
          0.7267426882885195,
          2.5495417360733152
        ],
        [
          0.8343479892617534,
          -0.4318106527651211,
          0.34264120153042016,
          0.9627859394409404
        ],
        [
          0.16271897401497554,
          0.7868166644750828,
          0.5953503775908856,
          2.552380584862192
        ],
        [
          0.0,
          0.0,
          0.0,
          1.0
        ]
      ]
    },
    {
      "file_path": "./train/0033",
      "sharpness": 25.04812643947315,
      "transform_matrix": [
        [
          0.4486198452516908,
          0.7819681230232921,
          -0.4327425205671242,
          -1.5668482295760287
        ],
        [
          -0.8910350288468708,
          0.35381901637621554,
          -0.284374191921848,
          -1.2347046814448133
        ],
        [
          -0.06925902012216877,
          0.5131646502703496,
          0.8554912214291964,
          3.5980432381964986
        ],
        [
          0.0,
          0.0,
          0.0,
          1.0
        ]
      ]
    },
    {
      "file_path": "./train/0024",
      "sharpness": 37.615054965595576,
      "transform_matrix": [
        [
          -0.7122943667728734,
          -0.3514424430291598,
          0.6075565359588667,
          2.0691903713739905
        ],
        [
          0.6727364932954076,
          -0.5886942450578186,
          0.4481793128170738,
          1.6499825510533015
        ],
        [
          0.20015580365468588,
          0.7279610533034122,
          0.6557517512249016,
          2.6181614319110555
        ],
        [
          0.0,
          0.0,
          0.0,
          1.0
        ]
      ]
    },
    {
      "file_path": "./train/0028",
      "sharpness": 103.43471932870001,
      "transform_matrix": [
        [
          -0.8815328501536035,
          0.4620594961466552,
          -0.09695801259191561,
          -0.30168712029284106
        ],
        [
          -0.43489643257532384,
          -0.7147875377557382,
          0.5476713145812245,
          2.1633569270710726
        ],
        [
          0.18375235258311176,
          0.5249569486759751,
          0.8310567219238246,
          3.412825548814177
        ],
        [
          0.0,
          0.0,
          0.0,
          1.0
        ]
      ]
    },
    {
      "file_path": "./train/0037",
      "sharpness": 24.950272460797716,
      "transform_matrix": [
        [
          0.9567071512157107,
          -0.1242121374385756,
          0.26321620734800866,
          1.3237730781248411
        ],
        [
          0.269519441580231,
          0.7194654963009606,
          -0.6401005157437961,
          -2.9992524850583617
        ],
        [
          -0.10986672601802029,
          0.6833306261282559,
          0.7217953712840214,
          2.845046049753224
        ],
        [
          0.0,
          0.0,
          0.0,
          1.0
        ]
      ]
    },
    {
      "file_path": "./train/0029",
      "sharpness": 46.05382810517032,
      "transform_matrix": [
        [
          -0.7094488745360094,
          0.6534370573440099,
          -0.26401194403700845,
          -0.9526625194442166
        ],
        [
          -0.6918337619308513,
          -0.5743147610043176,
          0.43763980755632864,
          1.8782972744317983
        ],
        [
          0.1343441114843063,
          0.49313544536079434,
          0.8595167783912625,
          3.637181108147703
        ],
        [
          0.0,
          0.0,
          0.0,
          1.0
        ]
      ]
    },
    {
      "file_path": "./train/0038",
      "sharpness": 22.417189816896524,
      "transform_matrix": [
        [
          0.8142770674376275,
          -0.3639854487725299,
          0.45218077205034635,
          1.99234608404456
        ],
        [
          0.5768092902243485,
          0.5947865905229587,
          -0.5599285262046745,
          -2.5567081093528654
        ],
        [
          -0.06514522381671485,
          0.7167590284720734,
          0.6942712690407338,
          2.5393027549634652
        ],
        [
          0.0,
          0.0,
          0.0,
          1.0
        ]
      ]
    },
    {
      "file_path": "./train/0035",
      "sharpness": 33.98449266945166,
      "transform_matrix": [
        [
          0.902243606146981,
          0.4028027478437493,
          -0.15396889809772143,
          -0.6135429664728067
        ],
        [
          -0.4120125887675229,
          0.699829668117909,
          -0.5835101218760836,
          -2.559111511045645
        ],
        [
          -0.12728747763011894,
          0.5899054008796674,
          0.7973766463531224,
          3.265880647270647
        ],
        [
          0.0,
          0.0,
          0.0,
          1.0
        ]
      ]
    },
    {
      "file_path": "./train/0039",
      "sharpness": 29.84111204967292,
      "transform_matrix": [
        [
          0.5869686809143985,
          -0.5548845817098884,
          0.5895514131025926,
          2.357056767467783
        ],
        [
          0.8094400391738417,
          0.4171125632255528,
          -0.413308519866746,
          -1.733135066060599
        ],
        [
          -0.016570775909076643,
          0.7198056756336225,
          0.693977808585539,
          2.725701450465526
        ],
        [
          0.0,
          0.0,
          0.0,
          1.0
        ]
      ]
    },
    {
      "file_path": "./train/0034",
      "sharpness": 65.44255015411171,
      "transform_matrix": [
        [
          0.7121152062472428,
          0.6236800578435339,
          -0.3223586799897635,
          -1.2214334693113773
        ],
        [
          -0.6943831475911212,
          0.5579629387564055,
          -0.45443305703760517,
          -2.093816710159402
        ],
        [
          -0.10355663887850354,
          0.5474491250025104,
          0.8304068148660415,
          3.4652978400017576
        ],
        [
          0.0,
          0.0,
          0.0,
          1.0
        ]
      ]
    },
    {
      "file_path": "./train/0047",
      "sharpness": 33.29144675470092,
      "transform_matrix": [
        [
          0.027788440965218132,
          -0.9076989604950518,
          0.41870084756295306,
          1.6398732663152116
        ],
        [
          0.9940931109855851,
          -0.01886708835804804,
          -0.10687805986577469,
          -0.5229821240067514
        ],
        [
          0.10491276972645146,
          0.4191976027832143,
          0.9018129965058845,
          3.5898768522511855
        ],
        [
          0.0,
          0.0,
          0.0,
          1.0
        ]
      ]
    },
    {
      "file_path": "./train/0048",
      "sharpness": 55.45390045915258,
      "transform_matrix": [
        [
          0.05654880184618368,
          -0.8462398413574675,
          0.529792755701755,
          2.5667920935831328
        ],
        [
          0.9926304629188621,
          -0.009310399194733253,
          -0.1208225167967514,
          -0.7326200688440955
        ],
        [
          0.10717740949255403,
          0.5327207969041894,
          0.8394769535478758,
          3.531765447216158
        ],
        [
          0.0,
          0.0,
          0.0,
          1.0
        ]
      ]
    },
    {
      "file_path": "./train/0043",
      "sharpness": 41.1194135791715,
      "transform_matrix": [
        [
          -0.01772657905717396,
          -0.9516446401079606,
          0.3066891707147975,
          1.023226278059045
        ],
        [
          0.994303210715286,
          -0.049023028034387316,
          -0.09464601363181581,
          -0.33623516671655124
        ],
        [
          0.10510420339409701,
          0.3032642770902409,
          0.9470923317014119,
          3.3489712348978626
        ],
        [
          0.0,
          0.0,
          0.0,
          1.0
        ]
      ]
    },
    {
      "file_path": "./train/0041",
      "sharpness": 51.5824787667901,
      "transform_matrix": [
        [
          0.13949811362625267,
          -0.8056953099384215,
          0.5756694745450361,
          2.195794100937348
        ],
        [
          0.9864096771818734,
          0.0620992609917529,
          -0.1521171606328877,
          -0.6547709115578917
        ],
        [
          0.0868114339383097,
          0.5890659975078971,
          0.8034083803492419,
          2.988621208031366
        ],
        [
          0.0,
          0.0,
          0.0,
          1.0
        ]
      ]
    },
    {
      "file_path": "./train/0042",
      "sharpness": 55.65224681652473,
      "transform_matrix": [
        [
          0.028966185618807157,
          -0.8961954928038903,
          0.442712772408589,
          1.5744436758836884
        ],
        [
          0.9938365218301396,
          -0.021590936977521222,
          -0.10873269669139872,
          -0.4316755734039231
        ],
        [
          0.10700433626346156,
          0.4431336933755268,
          0.8900464043598918,
          3.291819700112095
        ],
        [
          0.0,
          0.0,
          0.0,
          1.0
        ]
      ]
    },
    {
      "file_path": "./train/0046",
      "sharpness": 104.0217122334991,
      "transform_matrix": [
        [
          -0.001724663624839834,
          -0.9631501671611432,
          0.26895869779178583,
          0.6274793348130566
        ],
        [
          0.9947634099036471,
          -0.02913737136769313,
          -0.0979631150966058,
          -0.43382874481627287
        ],
        [
          0.10218994014105261,
          0.26738131791741826,
          0.9581567966990079,
          3.5560171627066324
        ],
        [
          0.0,
          0.0,
          0.0,
          1.0
        ]
      ]
    },
    {
      "file_path": "./train/0045",
      "sharpness": 132.24195476952679,
      "transform_matrix": [
        [
          -0.023318251622982674,
          -0.9857397141176386,
          0.16665375854607734,
          0.22668464818818082
        ],
        [
          0.9950648702973955,
          -0.03896685233499638,
          -0.09125507291055732,
          -0.38273308152649776
        ],
        [
          0.09644772188297414,
          0.16370339188022393,
          0.9817835996431628,
          3.4505739353457066
        ],
        [
          0.0,
          0.0,
          0.0,
          1.0
        ]
      ]
    },
    {
      "file_path": "./train/0044",
      "sharpness": 94.81778547176486,
      "transform_matrix": [
        [
          -0.030373563651112392,
          -0.9789218352027076,
          0.20196407422981277,
          0.5280782389304329
        ],
        [
          0.9947463627367703,
          -0.049366794084782936,
          -0.08968050778478934,
          -0.32737250588250355
        ],
        [
          0.09776052612762363,
          0.19817911163213983,
          0.975278380433883,
          3.4011344951875695
        ],
        [
          0.0,
          0.0,
          0.0,
          1.0
        ]
      ]
    }
  ]
}